| 12   |
| 13   |
| 14   |
| 18   |
| 19   |
| 25   |
| 29   |
| 30   |
| 37   |
| 39   |
| 43   |
| 47   |
| 48   |
| 49   |
| 50   |
| 56   |
| 61   |
| 65   |
| 67   |
| 74   |
| 77   |
| 79   |
| 81   |
| 82   |
| 84   |
| 87   |
| 89   |
| 90   |
| 91   |
| 93   |
| 97   |
| 99   |
| 104  |
| 106  |
| 112  |
| 113  |
| 116  |
| 117  |
| 120  |
| 124  |
| 125  |
| 127  |
| 134  |
| 135  |
| 138  |
| 153  |
| 154  |
| 162  |
| 163  |
| 165  |
| 167  |
| 168  |
| 170  |
| 171  |
| 186  |
| 191  |
| 196  |
| 198  |
| 199  |
| 200  |
| 204  |
| 206  |
| 208  |
| 210  |
| 213  |
| 215  |
| 216  |
| 218  |
| 222  |
| 223  |
| 227  |
| 228  |
| 229  |
| 231  |
| 232  |
| 233  |
| 239  |
| 242  |
| 243  |
| 249  |
| 254  |
| 265  |
| 268  |
| 273  |
| 277  |
| 278  |
| 283  |
| 288  |
| 290  |
| 291  |
| 294  |
| 297  |
| 298  |
| 299  |
| 303  |
| 310  |
| 324  |
| 326  |
| 329  |
| 331  |
| 332  |
| 333  |
| 334  |
| 337  |
| 340  |
| 341  |
| 343  |
| 347  |
| 353  |
| 354  |
| 359  |
| 368  |
| 373  |
| 381  |
| 382  |
| 386  |
| 387  |
| 390  |
| 392  |
| 394  |
| 398  |
| 401  |
| 403  |
| 409  |
| 410  |
| 414  |
| 426  |
| 433  |
| 434  |
| 435  |
| 438  |
| 439  |
| 444  |
| 451  |
| 452  |
| 455  |
| 456  |
| 466  |
| 467  |
| 471  |
| 473  |
| 477  |
| 480  |
| 481  |
| 484  |
| 488  |
| 497  |
| 499  |
| 503  |
| 504  |
| 506  |
| 510  |
| 511  |
| 512  |
| 517  |
| 519  |
| 520  |
| 531  |
| 540  |
| 542  |
| 543  |
| 548  |
| 549  |
| 550  |
| 555  |
| 558  |
| 560  |
| 562  |
| 563  |
| 565  |
| 569  |
| 575  |
| 576  |
| 577  |
| 579  |
| 580  |
| 592  |
| 600  |
| 603  |
| 608  |
| 610  |
| 612  |
| 614  |
| 615  |
| 616  |
| 621  |
| 623  |
| 629  |
| 630  |
| 631  |
| 642  |
| 644  |
| 648  |
| 655  |
| 657  |
| 659  |
| 668  |
| 673  |
| 676  |
| 686  |
| 692  |
| 693  |
| 695  |
| 696  |
| 698  |
| 707  |
| 708  |
| 709  |
| 718  |
| 719  |
| 720  |
| 726  |
| 728  |
| 734  |
| 736  |
| 741  |
| 745  |
| 748  |
| 749  |
| 750  |
| 752  |
| 753  |
| 755  |
| 759  |
| 760  |
| 761  |
| 763  |
| 764  |
| 769  |
| 771  |
| 779  |
| 781  |
| 782  |
| 790  |
| 795  |
| 803  |
| 812  |
| 815  |
| 817  |
| 819  |
| 820  |
| 829  |
| 835  |
| 836  |
| 842  |
| 844  |
| 846  |
| 848  |
| 850  |
| 853  |
| 857  |
| 859  |
| 862  |
| 864  |
| 872  |
| 874  |
| 876  |
| 877  |
| 879  |
| 882  |
| 891  |
| 898  |
| 900  |
| 901  |
| 902  |
| 904  |
| 910  |
| 911  |
| 914  |
| 923  |
| 926  |
| 927  |
| 928  |
| 929  |
| 931  |
| 934  |
| 940  |
| 942  |
| 945  |
| 946  |
| 947  |
| 952  |
| 953  |
| 955  |
| 956  |
| 957  |
| 962  |
| 965  |
| 966  |
| 968  |
| 976  |
| 977  |
| 983  |
| 986  |
| 988  |
| 989  |
| 994  |
| 995  |
| 997  |
| 1000 |
| 1001 |
| 1002 |
| 1005 |
| 1011 |
| 1017 |
| 1020 |
| 1021 |
| 1027 |
| 1030 |
| 1031 |
| 1033 |
| 1035 |
| 1036 |
| 1038 |
| 1042 |
| 1046 |
| 1048 |
| 1050 |
| 1052 |
| 1054 |
| 1055 |
| 1059 |
| 1061 |
| 1064 |
| 1065 |
| 1072 |
| 1076 |
| 1080 |
| 1083 |
| 1084 |
| 1085 |
| 1088 |
| 1090 |
| 1091 |
| 1093 |
| 1099 |
| 1102 |
| 1104 |
| 1109 |
| 1116 |
| 1118 |
| 1119 |
| 1125 |
| 1126 |
| 1129 |
| 1131 |
| 1132 |
| 1133 |
| 1135 |
| 1139 |
| 1142 |
| 1150 |
| 1153 |
| 1154 |
| 1159 |
| 1162 |
| 1164 |
| 1165 |
| 1177 |
| 1180 |
| 1182 |
| 1184 |
| 1187 |
| 1189 |
| 1190 |
| 1193 |
| 1195 |
| 1196 |
| 1197 |